	ERR1842970	ERR1842971	ERR1842972	ERR1842973	ERR1842974	ERR1842975	ERR1842976	ERR1842977	ERR1842978	ERR1842979	ERR1842980	ERR1842981	ERR1842982	ERR1842983	ERR1842984	ERR1842985	ERR1842986	ERR1842987	ERR1842988	ERR1842989	ERR1842990	ERR1842991	ERR1842992	ERR1842993	ERR1842994	ERR1842995	ERR1842996
ERR1842970	0.0	0.709525	0.6408	0.61575	0.725725	0.72775	0.660675	0.6807	0.732575	0.2356	0.7017	0.617575	0.622675	0.7033	0.71285	0.7111	0.671675	0.61735	0.521425	0.721075	0.72455	0.75945	0.758	0.716875	0.766425	0.755025	0.780575
ERR1842971	0.709525	0.0	0.601825	0.757325	0.84895	0.697525	0.7043	0.7261	0.8008	0.725825	0.3146	0.6436	0.753475	0.842025	0.73905	0.7458	0.730125	0.802625	0.793425	0.52265	0.712225	0.816425	0.88165	0.8346	0.7455	0.802475	0.7481
ERR1842972	0.6408	0.601825	0.0	0.672	0.810275	0.672	0.6871	0.66965	0.7718	0.652275	0.620825	0.3486	0.658	0.8034	0.692575	0.723625	0.678425	0.72035	0.762625	0.65625	0.48855	0.7873	0.861225	0.799975	0.771475	0.75465	0.743275
ERR1842973	0.61575	0.757325	0.672	0.0	0.73575	0.67145	0.572975	0.559225	0.72355	0.612125	0.75035	0.62395	0.291225	0.69975	0.613275	0.638875	0.546675	0.5627	0.7206	0.751575	0.72185	0.57925	0.75405	0.713275	0.67965	0.6533	0.730225
ERR1842974	0.725725	0.84895	0.810275	0.73575	0.0	0.747225	0.784375	0.77455	0.63615	0.7354	0.826675	0.8161	0.713075	0.386975	0.80225	0.760275	0.8101	0.690475	0.814425	0.876775	0.856175	0.83415	0.6773	0.7547	0.856375	0.83795	0.827525
ERR1842975	0.72775	0.697525	0.672	0.67145	0.747225	0.0	0.607	0.6377	0.658725	0.72515	0.71395	0.687375	0.646275	0.7384	0.40335	0.618125	0.6672	0.692425	0.809925	0.742425	0.764725	0.789325	0.840375	0.8093	0.719225	0.769725	0.5927
ERR1842976	0.660675	0.7043	0.6871	0.572975	0.784375	0.607	0.0	0.565175	0.723625	0.646775	0.6906	0.675225	0.564425	0.7198	0.59895	0.33	0.5742	0.645725	0.736925	0.70065	0.750125	0.713075	0.78875	0.75555	0.474225	0.68145	0.69435
ERR1842977	0.6807	0.7261	0.66965	0.559225	0.77455	0.6377	0.565175	0.0	0.6989	0.687175	0.723775	0.670725	0.558875	0.733475	0.6652	0.6097	0.303125	0.6493	0.747825	0.751675	0.718425	0.71155	0.800825	0.75	0.6493	0.510325	0.7416
ERR1842978	0.732575	0.8008	0.7718	0.72355	0.63615	0.658725	0.723625	0.6989	0.0	0.7264	0.7938	0.801875	0.6863	0.6263	0.754325	0.69315	0.75515	0.5751	0.8135	0.85685	0.850275	0.82245	0.798075	0.725425	0.8238	0.81215	0.821875
ERR1842979	0.2356	0.725825	0.652275	0.612125	0.7354	0.72515	0.646775	0.687175	0.7264	0.0	0.71415	0.62055	0.6021	0.695075	0.691225	0.691625	0.6822	0.613625	0.549275	0.730725	0.7384	0.771525	0.7599	0.729675	0.77	0.7637	0.784
ERR1842980	0.7017	0.3146	0.620825	0.75035	0.826675	0.71395	0.6906	0.723775	0.7938	0.71415	0.0	0.6451	0.737925	0.804325	0.721375	0.713275	0.727875	0.7957	0.7759	0.4737	0.700525	0.80915	0.8611	0.82175	0.744625	0.7799	0.727025
ERR1842981	0.617575	0.6436	0.3486	0.62395	0.8161	0.687375	0.675225	0.670725	0.801875	0.62055	0.6451	0.0	0.614425	0.798375	0.627525	0.71965	0.6505	0.6524	0.7293	0.6248	0.4184	0.770125	0.84445	0.77065	0.75285	0.7387	0.70765
ERR1842982	0.622675	0.753475	0.658	0.291225	0.713075	0.646275	0.564425	0.558875	0.6863	0.6021	0.737925	0.614425	0.0	0.663375	0.600825	0.594725	0.561675	0.543675	0.741275	0.739225	0.7289	0.618875	0.7634	0.728025	0.691875	0.673325	0.733625
ERR1842983	0.7033	0.842025	0.8034	0.69975	0.386975	0.7384	0.7198	0.733475	0.6263	0.695075	0.804325	0.798375	0.663375	0.0	0.768075	0.67705	0.759075	0.61845	0.76475	0.85785	0.830425	0.781775	0.5961	0.6913	0.8068	0.79125	0.80045
ERR1842984	0.71285	0.73905	0.692575	0.613275	0.80225	0.40335	0.59895	0.6652	0.754325	0.691225	0.721375	0.627525	0.600825	0.768075	0.0	0.6209	0.643975	0.647425	0.802625	0.706725	0.730625	0.77345	0.828525	0.8081	0.716325	0.756825	0.56995
ERR1842985	0.7111	0.7458	0.723625	0.638875	0.760275	0.618125	0.33	0.6097	0.69315	0.691625	0.713275	0.71965	0.594725	0.67705	0.6209	0.0	0.626875	0.6613	0.774325	0.7511	0.77685	0.767175	0.80085	0.7866	0.5775	0.71645	0.73595
ERR1842986	0.671675	0.730125	0.678425	0.546675	0.8101	0.6672	0.5742	0.303125	0.75515	0.6822	0.727875	0.6505	0.561675	0.759075	0.643975	0.626875	0.0	0.62585	0.736975	0.7266	0.70515	0.7084	0.79875	0.746825	0.651475	0.49965	0.7374
ERR1842987	0.61735	0.802625	0.72035	0.5627	0.690475	0.692425	0.645725	0.6493	0.5751	0.613625	0.7957	0.6524	0.543675	0.61845	0.647425	0.6613	0.62585	0.0	0.715475	0.749975	0.75595	0.762425	0.734325	0.534725	0.759	0.7473	0.779425
ERR1842988	0.521425	0.793425	0.762625	0.7206	0.814425	0.809925	0.736925	0.747825	0.8135	0.549275	0.7759	0.7293	0.741275	0.76475	0.802625	0.774325	0.736975	0.715475	0.0	0.7302	0.6824	0.63725	0.6304	0.621275	0.684025	0.66905	0.7344
ERR1842989	0.721075	0.52265	0.65625	0.751575	0.876775	0.742425	0.70065	0.751675	0.85685	0.730725	0.4737	0.6248	0.739225	0.85785	0.706725	0.7511	0.7266	0.749975	0.7302	0.0	0.615125	0.777175	0.8451	0.78015	0.697325	0.72665	0.68625
ERR1842990	0.72455	0.712225	0.48855	0.72185	0.856175	0.764725	0.750125	0.718425	0.850275	0.7384	0.700525	0.4184	0.7289	0.830425	0.730625	0.77685	0.70515	0.75595	0.6824	0.615125	0.0	0.696375	0.785	0.712175	0.706225	0.648325	0.6524
ERR1842991	0.75945	0.816425	0.7873	0.57925	0.83415	0.789325	0.713075	0.71155	0.82245	0.771525	0.80915	0.770125	0.618875	0.781775	0.77345	0.767175	0.7084	0.762425	0.63725	0.777175	0.696375	0.0	0.6625	0.638475	0.613975	0.563	0.6558
ERR1842992	0.758	0.88165	0.861225	0.75405	0.6773	0.840375	0.78875	0.800825	0.798075	0.7599	0.8611	0.84445	0.7634	0.5961	0.828525	0.80085	0.79875	0.734325	0.6304	0.8451	0.785	0.6625	0.0	0.6132	0.730175	0.7188	0.752625
ERR1842993	0.716875	0.8346	0.799975	0.713275	0.7547	0.8093	0.75555	0.75	0.725425	0.729675	0.82175	0.77065	0.728025	0.6913	0.8081	0.7866	0.746825	0.534725	0.621275	0.78015	0.712175	0.638475	0.6132	0.0	0.697875	0.64545	0.685225
ERR1842994	0.766425	0.7455	0.771475	0.67965	0.856375	0.719225	0.474225	0.6493	0.8238	0.77	0.744625	0.75285	0.691875	0.8068	0.716325	0.5775	0.651475	0.759	0.684025	0.697325	0.706225	0.613975	0.730175	0.697875	0.0	0.596525	0.625225
ERR1842995	0.755025	0.802475	0.75465	0.6533	0.83795	0.769725	0.68145	0.510325	0.81215	0.7637	0.7799	0.7387	0.673325	0.79125	0.756825	0.71645	0.49965	0.7473	0.66905	0.72665	0.648325	0.563	0.7188	0.64545	0.596525	0.0	0.65935
ERR1842996	0.780575	0.7481	0.743275	0.730225	0.827525	0.5927	0.69435	0.7416	0.821875	0.784	0.727025	0.70765	0.733625	0.80045	0.56995	0.73595	0.7374	0.779425	0.7344	0.68625	0.6524	0.6558	0.752625	0.685225	0.625225	0.65935	0.0
